2 1 9
3 1 8
4 1 8
5 1 4
6 3 2
7 6 2
8 6 2
9 7 4
10 3 3
11 4 4
12 3 8
13 6 4
14 1 2
15 11 2
16 10 8
17 9 2
18 1 4
19 11 3
20 6 3
21 1 6
22 1 4
23 9 9
24 13 7
25 6 6
26 9 8
27 6 4
28 1 9
29 9 7
30 9 7
31 1 2
32 1 4
33 21 5
34 32 1
35 1 3
36 4 9
37 11 1
38 6 4
39 6 6
40 9 7
41 19 8
42 25 5
43 3 6
44 1 8
45 38 8
46 9 2
47 46 4
48 9 3
49 10 9
50 1 6
51 11 7
52 3 5
53 11 8
54 48 2
55 1 9
56 5 7
57 31 5
58 44 3
59 4 9
60 35 5
61 35 8
62 50 1
63 5 9
64 44 5
65 1 3
66 65 3
67 1 3
68 1 8
69 44 3
70 35 4
71 6 6
72 12 1
73 11 2
74 1 6
75 14 7
76 50 7
77 60 8
78 44 7
79 78 6
80 69 8
81 78 5
82 50 4
83 7 4
84 25 8
85 8 3
86 71 2
87 11 3
88 81 4
89 21 5
90 60 5
91 8 6
92 34 5
93 2 4
94 3 3
95 47 3
96 29 5
97 11 9
98 52 5
99 7 6
100 21 3
101 94 9
102 6 4
103 55 2
104 21 1
105 7 5
106 77 9
107 19 9
108 44 4
109 19 3
110 105 3
111 30 9
112 88 3
113 89 2
114 69 7
115 19 4
116 47 4
117 88 6
118 1 7
119 73 4
120 84 4
121 78 1
122 6 3
123 1 5
124 27 4
125 88 4
126 11 6
127 126 9
128 98 7
129 45 1
130 9 1
131 116 1
132 77 5
133 30 5
134 78 7
135 9 3
136 77 3
137 69 1
138 12 1
139 54 9
140 1 9
141 69 2
142 99 3
143 54 7
144 5 9
145 50 5
146 67 4
147 84 8
148 94 9
149 78 8
150 71 7
151 97 6
152 91 9
153 51 1
154 98 6
155 134 6
156 58 3
157 6 9
158 39 9
159 1 4
160 146 1
161 64 4
162 145 6
163 78 7
164 3 4
165 146 6
166 3 5
167 149 6
168 101 3
169 5 7
170 19 9
171 126 2
172 64 5
173 78 1
174 111 5
175 16 6
176 19 4
177 146 6
178 145 5
179 134 6
180 44 5
181 105 5
182 152 3
183 39 7
184 37 5
185 120 6
186 4 3
187 103 6
188 1 7
189 35 3
190 94 9
191 5 1
192 141 2
193 116 9
194 35 3
195 88 7
196 45 8
197 21 6
198 25 5
199 8 7
200 4 6
201 108 7
202 169 8
203 6 1
204 105 3
205 94 1
206 44 5
207 1 7
208 4 3
209 35 1
210 121 8
211 78 5
212 197 6
213 35 4
214 1 3
215 202 2
216 85 1
217 1 3
218 35 6
219 1 8
220 169 6
221 214 8
222 64 7
223 54 8
224 3 3
225 208 2
226 1 7
227 122 4
228 1 9
229 125 8
230 197 7
231 76 3
232 80 5
233 94 2
234 117 8
235 10 5
236 35 8
237 201 9
238 224 2
239 13 1
240 97 2
241 1 1
242 229 9
243 35 5
244 197 7
245 77 4
246 108 3
247 1 9
248 182 1
249 6 4
250 182 2
251 6 2
252 1 4
253 47 6
254 1 7
255 48 3
256 9 7
257 16 7
258 224 3
259 136 2
260 35 8
261 78 9
262 105 4
263 181 1
264 105 5
265 135 8
266 9 9
267 141 5
268 6 4
269 3 7
270 157 7
271 94 8
272 52 9
273 7 4
274 3 7
275 99 9
276 18 3
277 134 7
278 94 2
279 35 2
280 126 4
281 131 9
282 207 6
283 225 7
284 19 1
285 9 8
286 22 7
287 54 8
288 242 5
289 141 5
290 47 1
291 6 8
292 152 4
293 95 5
294 38 7
295 149 8
296 17 4
297 19 1
298 50 1
299 31 1
300 164 3
301 55 4
302 194 6
303 233 8
304 9 5
305 75 3
306 1 2
307 35 3
308 54 5
309 61 5
310 56 3
311 36 3
312 44 8
313 7 1
314 255 8
315 6 8
316 4 1
317 39 8
318 47 6
319 171 8
320 258 1
321 11 8
322 154 2
323 107 3
324 136 5
325 70 6
326 117 4
327 249 1
328 94 9
329 4 9
330 299 8
331 134 3
332 316 7
333 10 7
334 29 6
335 215 5
336 308 7
337 215 8
338 3 4
339 180 3
340 311 7
341 78 7
342 105 6
343 285 1
344 10 6
345 94 5
346 214 1
347 210 4
348 131 4
349 204 3
350 79 4
351 90 9
352 97 5
353 126 8
354 299 3
355 100 8
356 35 8
357 126 6
358 246 7
359 75 1
360 8 8
361 33 7
362 1 4
363 1 8
364 152 4
365 90 9
366 131 3
367 201 2
368 141 8
369 6 9
370 215 4
371 51 6
372 200 4
373 215 4
374 141 6
375 5 1
376 292 1
377 136 9
378 87 9
379 94 2
380 202 7
381 152 4
382 4 1
383 65 1
384 1 3
385 202 6
386 77 7
387 28 4
388 7 4
389 272 1
390 29 4
391 152 4
392 367 8
393 6 3
394 209 1
395 258 7
396 215 2
397 229 9
398 9 3
399 215 8
400 225 5
401 238 2
402 75 4
403 374 5
404 1 2
405 47 5
406 35 6
407 69 1
408 35 8
409 5 9
410 38 8
411 51 8
412 86 4
413 77 5
414 35 1
415 275 7
416 32 2
417 1 3
418 224 5
419 201 6
420 271 3
421 37 1
422 292 2
423 131 9
424 6 7
425 1 3
426 259 8
427 258 9
428 45 5
429 78 1
430 299 2
431 320 1
432 109 1
433 35 5
434 76 8
435 54 8
436 371 6
437 423 5
438 262 5
439 76 8
440 268 7
441 4 4
442 440 1
443 197 5
444 318 8
445 44 9
446 32 4
447 200 4
448 249 5
449 11 4
450 246 5
451 63 3
452 146 6
453 32 5
454 35 3
455 405 1
456 258 1
457 436 7
458 346 8
459 154 5
460 7 2
461 371 5
462 435 5
463 10 7
464 100 4
465 427 1
466 116 1
467 173 6
468 393 7
469 96 9
470 100 8
471 39 8
472 76 3
473 134 2
474 83 5
475 1 9
476 427 5
477 1 7
478 136 3
479 36 5
480 84 3
481 1 8
482 37 8
483 458 7
484 348 2
485 47 5
486 348 1
487 433 8
488 9 7
489 6 7
490 305 1
491 408 3
492 389 8
493 198 8
494 390 9
495 300 2
496 323 4
497 346 1
498 94 5
499 1 8
500 271 2
501 258 7
502 11 8
503 435 6
504 1 4
505 141 8
506 168 7
507 141 5
508 411 7
509 155 4
510 94 1
511 10 6
512 48 6
513 249 7
514 134 9
515 6 3
516 85 3
517 414 6
518 21 7
519 47 5
520 383 9
521 6 9
522 66 2
523 1 2
524 190 4
525 1 9
526 80 7
527 262 4
528 44 5
529 204 7
530 78 3
531 145 7
532 214 9
533 343 7
534 182 1
535 25 3
536 414 7
537 489 7
538 1 1
539 1 3
540 90 8
541 331 9
542 78 2
543 1 9
544 44 2
545 402 3
546 11 6
547 6 2
548 54 3
549 465 9
550 229 4
551 54 5
552 303 7
553 107 9
554 465 8
555 304 9
556 75 1
557 146 2
558 339 8
559 489 4
560 494 4
561 554 4
562 474 2
563 38 7
564 268 1
565 119 6
566 116 5
567 270 6
568 464 7
569 83 4
570 88 6
571 47 8
572 400 6
573 395 2
574 342 4
575 10 8
576 122 5
577 10 6
578 191 3
579 249 3
580 343 1
581 84 5
582 141 6
583 1 7
584 547 5
585 168 6
586 35 6
587 146 3
588 155 2
589 342 8
590 147 6
591 1 7
592 318 7
593 119 2
594 11 1
595 374 3
596 3 2
597 51 8
598 296 8
599 69 7
600 134 4
601 100 3
602 1 4
603 517 5
604 44 2
605 273 9
606 36 5
607 430 7
608 343 1
609 211 7
610 242 4
611 27 3
612 9 9
613 417 6
614 150 1
615 162 1
616 29 7
617 371 2
618 479 2
619 3 4
620 103 5
621 117 7
622 418 6
623 107 4
624 129 2
625 181 7
626 258 6
627 440 2
628 473 9
629 11 8
630 367 8
631 393 5
632 343 9
633 4 1
634 145 9
635 123 5
636 155 2
637 154 2
638 348 5
639 585 5
640 9 6
641 35 4
642 1 7
643 3 1
644 97 8
645 316 1
646 110 3
647 12 3
648 4 9
649 215 2
650 591 7
651 323 4
652 302 4
653 1 1
654 1 6
655 372 4
656 470 8
657 35 9
658 642 9
659 503 6
660 48 7
661 10 4
662 134 5
663 9 4
664 258 8
665 163 6
666 146 3
667 425 8
668 302 5
669 556 8
670 3 6
671 215 3
672 453 9
673 58 1
674 47 5
675 64 6
676 388 5
677 44 7
678 438 7
679 81 4
680 194 8
681 5 8
682 1 8
683 78 5
684 344 3
685 323 3
686 12 7
687 323 3
688 190 6
689 29 2
690 260 5
691 292 8
692 21 6
693 19 8
694 342 3
695 400 5
696 249 3
697 550 7
698 554 3
699 344 3
700 136 6
701 400 4
702 35 9
703 132 4
704 211 3
705 464 8
706 326 7
707 642 9
708 69 4
709 88 3
710 350 9
711 659 9
712 384 7
713 32 1
714 346 9
715 30 3
716 393 7
717 699 6
718 146 7
719 333 6
720 69 7
721 517 6
722 142 6
723 594 1
724 108 8
725 141 5
726 44 9
727 38 5
728 286 9
729 700 9
730 572 1
731 114 5
732 98 5
733 136 7
734 100 9
735 650 1
736 257 5
737 610 9
738 78 8
739 358 4
740 35 8
741 562 6
742 64 2
743 332 1
744 69 7
745 684 6
746 47 7
747 90 6
748 415 3
749 44 3
750 4 4
751 431 1
752 390 2
753 126 1
754 11 1
755 21 5
756 90 5
757 1 1
758 339 8
759 573 2
760 47 7
761 19 8
762 487 4
763 47 9
764 319 7
765 39 9
766 602 3
767 465 2
768 414 6
769 88 9
770 414 4
771 762 8
772 291 8
773 147 7
774 271 8
775 721 2
776 196 7
777 127 5
778 284 7
779 512 3
780 35 2
781 1 1
782 268 4
783 8 8
784 94 3
785 268 1
786 105 9
787 768 9
788 54 7
789 126 5
790 332 5
791 31 4
792 778 7
793 249 9
794 35 8
795 463 5
796 346 5
797 214 7
798 494 4
799 83 5
800 155 3
801 42 2
802 29 4
803 200 4
804 557 9
805 622 6
806 54 5
807 22 5
808 201 6
809 163 5
810 45 7
811 273 8
812 119 5
813 114 9
814 9 2
815 189 4
816 63 8
817 408 7
818 624 9
819 396 5
820 50 7
821 279 5
822 45 7
823 90 5
824 6 6
825 141 8
826 687 2
827 622 1
828 296 1
829 88 6
830 268 7
831 626 9
832 1 5
833 3 3
834 360 1
835 201 9
836 4 2
837 582 5
838 76 8
839 259 1
840 404 7
841 413 6
842 11 3
843 78 6
844 734 6
845 1 7
846 103 8
847 482 2
848 62 9
849 5 8
850 209 7
851 212 3
852 5 3
853 149 2
854 414 8
855 1 3
856 146 4
857 325 1
858 152 9
859 129 4
860 374 9
861 181 1
862 511 6
863 4 3
864 249 4
865 4 2
866 817 1
867 253 8
868 339 4
869 9 3
870 390 4
871 70 6
872 155 6
873 78 5
874 224 2
875 9 4
876 63 8
877 275 6
878 123 1
879 32 3
880 760 9
881 146 6
882 1 6
883 94 9
884 306 4
885 390 2
886 582 6
887 92 4
888 359 5
889 27 6
890 4 3
891 9 2
892 594 2
893 333 5
894 1 6
895 197 4
896 1 8
897 186 7
898 678 1
899 576 6
900 644 2
901 541 7
902 3 9
903 173 7
904 440 1
905 591 8
906 141 9
907 828 6
908 69 9
909 383 9
910 69 8
911 1 3
912 833 9
913 901 3
914 834 3
915 268 9
916 737 8
917 23 6
918 295 3
919 101 7
920 811 4
921 114 6
922 35 7
923 66 2
924 6 2
925 399 2
926 753 4
927 37 4
928 212 5
929 44 6
930 12 1
931 207 6
932 129 4
933 358 4
934 69 2
935 799 8
936 1 5
937 529 5
938 108 8
939 47 8
940 530 7
941 126 3
942 47 3
943 547 3
944 50 8
945 678 1
946 35 8
947 5 9
948 134 7
949 39 3
950 372 5
951 9 2
952 241 1
953 4 1
954 121 5
955 744 2
956 834 8
957 100 4
958 511 4
959 545 5
960 572 5
961 56 1
962 329 6
963 780 1
964 1 8
965 9 5
966 141 1
967 233 4
968 673 9
969 561 9
970 468 9
971 5 2
972 219 5
973 766 6
974 35 6
975 162 8
976 268 1
977 90 4
978 480 5
979 4 9
980 194 3
981 1 5
982 687 2
983 98 7
984 509 2
985 214 3
986 332 8
987 1 7
988 972 5
989 971 2
990 32 9
991 143 8
992 904 8
993 105 3
994 363 2
995 193 9
996 4 8
997 268 9
998 15 3
999 943 1
1000 371 1
1001 143 1
1002 229 5
1003 268 7
1004 19 1
1005 105 1
1006 747 1
1007 417 3
1008 782 1
1009 913 6
1010 339 9
1011 931 5
1012 346 3
1013 529 6
1014 393 4
1015 146 5
1016 48 8
1017 47 1
1018 134 1
1019 347 9
1020 818 1
1021 577 2
1022 104 9
1023 430 4
1024 579 5
