2 1 9
3 1 4
4 3 3
5 2 5
6 3 5
7 1 8
8 3 5
9 7 1
10 2 9
11 1 8
12 10 5
13 7 9
14 10 9
15 7 5
16 10 7
17 1 3
18 7 9
19 7 4
20 8 5
21 2 6
22 1 4
23 14 8
24 9 9
25 7 7
26 25 3
27 2 8
28 11 8
29 22 4
30 3 4
31 1 2
32 2 9
33 7 7
34 28 3
35 8 2
36 34 5
37 23 4
38 20 3
39 3 3
40 5 5
41 2 7
42 41 8
43 10 8
44 1 7
45 34 3
46 23 7
47 19 7
48 38 8
49 5 3
50 46 2
51 7 5
52 33 2
53 33 1
54 9 6
55 38 3
56 16 5
57 28 7
58 53 7
59 7 8
60 1 8
61 57 1
62 5 9
63 22 3
64 11 1
65 2 8
66 17 3
67 7 4
68 7 1
69 32 7
70 2 4
71 34 8
72 60 7
73 33 8
74 9 3
75 17 4
76 75 8
77 71 1
78 10 5
79 10 9
80 21 4
81 21 3
82 34 8
83 7 7
84 4 2
85 8 6
86 14 6
87 1 4
88 77 5
89 3 5
90 57 2
91 66 6
92 34 5
93 33 1
94 52 2
95 3 2
96 13 4
97 54 3
98 22 7
99 11 4
100 3 6
101 2 8
102 7 3
103 82 1
104 90 6
105 19 5
106 82 3
107 44 7
108 85 5
109 3 3
110 81 5
111 101 3
112 2 2
113 7 2
114 44 8
115 7 4
116 7 8
117 34 4
118 45 6
119 10 6
120 18 1
121 32 9
122 81 4
123 23 9
124 2 3
125 5 3
126 73 9
127 32 7
128 9 9
129 24 8
130 56 2
131 76 6
132 92 1
133 61 3
134 9 2
135 58 9
136 7 5
137 7 4
138 3 1
139 110 4
140 22 8
141 56 9
142 126 9
143 124 7
144 4 2
145 9 6
146 94 4
147 27 4
148 38 5
149 90 8
150 52 9
151 18 6
152 3 3
153 150 8
154 4 1
155 7 1
156 7 8
157 88 4
158 7 7
159 19 1
160 23 7
161 82 1
162 3 4
163 149 1
164 119 4
165 11 2
166 163 2
167 150 3
168 76 9
169 2 9
170 88 9
171 51 8
172 42 7
173 59 8
174 7 2
175 88 7
176 167 7
177 34 9
178 15 8
179 94 6
180 131 5
181 34 6
182 52 1
183 114 5
184 10 8
185 94 4
186 37 2
187 5 6
188 4 3
189 164 4
190 88 9
191 1 8
192 32 4
193 119 9
194 88 8
195 7 4
196 21 1
197 1 7
198 42 8
199 14 9
200 81 2
201 2 3
202 112 1
203 169 5
204 91 6
205 56 9
206 119 9
207 45 4
208 74 7
209 173 2
210 41 5
211 136 1
212 11 3
213 24 2
214 91 8
215 4 9
216 2 2
217 32 6
218 86 7
219 57 3
220 7 3
221 169 2
222 105 8
223 34 6
224 27 2
225 180 5
226 79 4
227 7 4
228 31 8
229 131 7
230 7 9
231 11 6
232 197 5
233 71 3
234 86 9
235 196 7
236 26 7
237 118 8
238 28 9
239 162 1
240 1 5
241 41 7
242 92 8
243 57 6
244 59 6
245 56 8
246 161 4
247 55 4
248 11 9
249 32 6
250 4 4
251 3 2
252 55 2
253 119 2
254 3 1
255 68 9
256 22 7
257 7 4
258 246 9
259 134 1
260 161 8
261 60 2
262 66 7
263 150 1
264 256 4
265 44 5
266 88 7
267 53 8
268 206 1
269 179 1
270 261 8
271 149 7
272 10 7
273 2 5
274 100 9
275 248 4
276 158 8
277 133 5
278 19 2
279 3 3
280 17 5
281 85 5
282 180 4
283 7 3
284 7 4
285 229 2
286 10 1
287 106 6
288 79 6
289 56 4
290 34 2
291 22 6
292 17 5
293 41 2
294 100 8
295 223 5
296 7 3
297 41 7
298 259 2
299 148 2
300 169 9
301 212 4
302 189 4
303 11 3
304 125 3
305 148 4
306 19 4
307 240 2
308 34 1
309 3 2
310 79 9
311 34 9
312 141 3
313 178 8
314 11 5
315 314 6
316 163 2
317 155 4
318 7 7
319 3 8
320 10 5
321 238 9
322 25 1
323 28 1
324 123 2
325 115 6
326 60 3
327 7 5
328 86 4
329 195 6
330 32 9
331 81 9
332 273 7
333 261 2
334 72 5
335 191 9
336 180 9
337 59 2
338 11 8
339 202 4
340 7 9
341 26 3
342 2 2
343 188 4
344 75 7
345 63 3
346 151 3
347 183 5
348 49 9
349 21 5
350 137 3
351 167 1
352 28 2
353 31 3
354 325 5
355 25 9
356 10 7
357 44 1
358 7 9
359 23 9
360 28 2
361 118 3
362 62 7
363 11 6
364 268 3
365 42 8
366 63 4
367 76 2
368 135 4
369 14 5
370 70 1
371 34 3
372 82 1
373 231 8
374 85 3
375 223 5
376 31 9
377 200 9
378 58 1
379 126 6
380 253 3
381 21 6
382 106 3
383 144 9
384 13 1
385 1 2
386 31 2
387 180 7
388 18 3
389 44 7
390 328 6
391 141 3
392 363 1
393 7 5
394 41 9
395 267 6
396 353 3
397 34 5
398 7 3
399 214 6
400 125 3
401 17 3
402 86 9
403 2 6
404 7 3
405 359 5
406 232 6
407 258 1
408 9 6
409 170 5
410 126 2
411 106 7
412 317 8
413 7 9
414 371 6
415 11 9
416 338 7
417 177 1
418 340 9
419 103 2
420 158 3
421 69 3
422 197 8
423 92 6
424 66 5
425 228 6
426 180 4
427 2 3
428 204 5
429 7 6
430 59 4
431 318 3
432 26 7
433 256 3
434 361 6
435 354 8
436 11 4
437 253 1
438 263 5
439 17 9
440 342 1
441 38 9
442 208 4
443 75 6
444 287 5
445 30 7
446 228 8
447 333 8
448 62 8
449 71 2
450 245 4
451 299 9
452 236 4
453 249 5
454 63 6
455 158 6
456 7 5
457 170 9
458 269 4
459 74 3
460 96 2
461 170 6
462 169 6
463 119 2
464 269 7
465 249 1
466 90 1
467 105 6
468 462 9
469 34 4
470 13 1
471 7 6
472 261 1
473 41 1
474 128 1
475 180 7
476 229 5
477 44 8
478 209 5
479 75 4
480 437 2
481 132 4
482 208 4
483 369 7
484 405 8
485 225 6
486 43 3
487 7 9
488 308 4
489 369 7
490 16 5
491 49 6
492 379 4
493 180 4
494 489 8
495 428 7
496 128 7
497 11 4
498 291 7
499 33 7
500 130 7
501 83 3
502 164 2
503 2 3
504 212 9
505 445 2
506 486 7
507 7 1
508 34 5
509 417 5
510 33 7
511 7 1
512 341 1
