2 1 9
3 1 5
4 1 5
5 4 4
6 4 3
7 6 5
8 1 6
9 5 4
10 9 5
11 1 7
12 1 8
13 1 3
14 4 6
15 9 8
16 6 3
17 2 9
18 16 3
19 1 7
20 6 9
21 15 8
22 1 9
23 9 1
24 6 6
25 22 5
26 16 2
27 9 1
28 1 5
29 25 4
30 6 8
31 22 9
32 2 7
33 17 5
34 11 2
35 1 7
36 4 6
37 26 7
38 34 8
39 18 8
40 1 1
41 13 3
42 7 2
43 13 5
44 23 1
45 18 9
46 9 2
47 10 5
48 22 3
49 2 1
50 1 4
51 1 3
52 1 1
53 1 1
54 48 8
55 6 9
56 18 7
57 7 2
58 9 3
59 13 4
60 30 6
61 19 7
62 18 5
63 60 7
64 1 4
65 54 3
66 1 5
67 15 5
68 55 6
69 16 1
70 9 7
71 17 5
72 60 9
73 9 9
74 55 6
75 66 7
76 13 2
77 18 2
78 18 2
79 6 9
80 61 8
81 4 4
82 6 3
83 9 2
84 55 4
85 67 7
86 14 6
87 70 5
88 19 1
89 9 1
90 74 4
91 9 1
92 46 6
93 9 4
94 88 4
95 94 6
96 60 4
97 17 6
98 4 2
99 77 2
100 71 8
101 68 9
102 60 8
103 20 3
104 18 7
105 91 4
106 54 6
107 28 8
108 4 2
109 89 9
110 30 2
111 78 4
112 91 4
113 17 7
114 18 4
115 9 3
116 83 2
117 18 3
118 6 6
119 50 9
120 17 8
121 66 9
122 69 5
123 72 3
124 12 6
125 23 3
126 6 7
127 19 4
128 65 3
129 11 9
130 17 1
131 35 9
132 6 5
133 67 6
134 27 9
135 118 9
136 13 5
137 55 2
138 43 2
139 60 5
140 5 6
141 18 5
142 88 2
143 17 8
144 39 1
145 6 3
146 93 1
147 6 8
148 16 9
149 1 3
150 60 3
151 54 9
152 53 9
153 37 4
154 136 9
155 47 2
156 91 3
157 110 5
158 51 4
159 115 5
160 38 5
161 48 9
162 60 5
163 11 4
164 18 7
165 48 1
166 22 7
167 30 1
168 17 7
169 25 2
170 28 1
171 108 1
172 146 9
173 116 4
174 65 3
175 20 2
176 170 5
177 60 9
178 2 9
179 172 1
180 110 3
181 17 3
182 23 9
183 35 5
184 89 5
185 140 3
186 63 1
187 131 6
188 168 8
189 25 9
190 65 3
191 65 6
192 62 8
193 168 7
194 118 1
195 6 9
196 18 5
197 22 7
198 189 5
199 1 8
200 117 6
201 143 6
202 103 5
203 37 5
204 67 3
205 10 6
206 122 9
207 40 6
208 55 3
209 1 9
210 166 3
211 34 9
212 118 6
213 182 8
214 1 5
215 39 3
216 26 8
217 124 2
218 55 3
219 91 7
220 119 8
221 9 7
222 17 1
223 1 3
224 13 2
225 13 7
226 88 5
227 53 2
228 9 1
229 10 2
230 130 9
231 55 4
232 1 2
233 175 3
234 9 6
235 204 6
236 13 9
237 11 6
238 6 2
239 6 8
240 135 1
241 200 7
242 163 6
243 17 3
244 215 8
245 136 9
246 75 5
247 97 6
248 9 3
249 25 6
250 30 5
251 157 7
252 20 6
253 95 3
254 30 1
255 9 9
256 9 5
