2 1 8
3 1 9
4 2 1
5 1 1
6 1 8
7 2 4
8 1 5
9 1 1
10 1 8
11 1 8
12 1 3
13 7 4
14 2 5
15 1 8
16 7 4
17 10 7
18 2 5
19 1 7
20 7 6
21 1 5
22 5 4
23 7 8
24 9 9
25 2 6
26 2 6
27 1 4
28 18 4
29 1 5
30 3 4
31 2 5
32 19 4
33 27 1
34 1 4
35 1 6
36 4 2
37 8 2
38 19 2
39 12 1
40 2 7
41 31 8
42 2 2
43 2 7
44 8 6
45 12 9
46 20 8
47 1 4
48 26 5
49 1 6
50 1 3
51 7 1
52 1 7
53 34 3
54 1 3
55 2 1
56 1 1
57 1 2
58 9 4
59 2 6
60 1 1
61 14 3
62 16 7
63 9 4
64 19 1
65 1 7
66 29 1
67 1 3
68 18 2
69 8 8
70 1 3
71 13 8
72 2 4
73 32 2
74 65 6
75 42 1
76 32 3
77 7 4
78 1 9
79 32 9
80 56 9
81 19 7
82 46 3
83 2 9
84 1 4
85 1 4
86 2 1
87 39 4
88 47 1
89 18 9
90 1 4
91 22 3
92 51 1
93 8 5
94 73 2
95 64 4
96 21 7
97 8 1
98 41 8
99 23 2
100 23 1
101 19 5
102 1 9
103 56 5
104 1 8
105 71 3
106 2 9
107 66 1
108 20 8
109 8 3
110 1 7
111 66 4
112 92 2
113 47 5
114 8 7
115 2 5
116 68 5
117 65 9
118 30 2
119 1 2
120 1 8
121 71 5
122 22 1
123 70 3
124 1 9
125 2 2
126 22 2
127 29 9
128 46 5
